<opencv_storage>
    <A1>-7633 -37 -632</A1>
    <A2>-7385 2057 18609</A2>
    <A3>-429 -12996 -28170</A3>
    <A4>7206 458 8394</A4>
    <A5>-4184 8061 13097</A5>
    <A6>-2973 964 15342</A6>
    <A7>-4491 -7381 -13793</A7>
    <A8>3014 7154 8519</A8>
    <B1>39726 38363 64465 37058 2901 -1025 -375 43</B1>
    <B2>39537 37406 63577 37563 2901 -1025 -375 43</B2>
    <B3>41765 40235 63895 36246 -2153 -336 252 -153</B3>
    <B4>42833 41472 63643 37250 -2153 -336 252 -153</B4>
    <C1>250 250 250 250</C1>
    <C2>149 508 109</C2>
    <C3>100 150 1080 820</C3>
    <C4>0 150 1280 620</C4>
    <C5>car1.png</C5>
    <D0>396.369995 390.489990 0.029012 -0.010249 -0.003746 0.000431</D0>
    <D1>396.369995 390.489990 0.029012 -0.010249 -0.003746 0.000431</D1>
    <D2>426.950012 422.510010 -0.021532 -0.003362 0.002515 -0.001529</D2>
    <D3>426.950012 422.510010 -0.021532 -0.003362 0.002515 -0.001529</D3>
</opencv_storage>
