<opencv_storage>
	<A1>-10665 930 -446</A1>
	<A2>-5794 8369 16511</A2>
	<A3>1045 12506 27485</A3>
	<A4>7711 1819 3641</A4>
	<A5>-6925 8018 17656</A5>
	<A6>3681 1726 16285</A6>
	<A7>-6209 -5508 -14258</A7>
	<A8>-260 6406 8751</A8>
	<A9>1149 12424 27497</A9>
	<A10>15531 55988 74897</A10>
	<B1>35148 34198 65460 36878 -708 -1916 475 -62</B1>
	<B2>35472 34306 66046 36698 -708 -1916 475 -62</B2>
	<B3>35854 35284 63986 35360 -708 -1916 475 -62</B3>
	<B4>35356 34186 63212 34134 -708 -1916 475 -62</B4>
	<C1>250 250 250 250</C1>
	<C2>185 523 28</C2>
</opencv_storage>
