<opencv_storage>
    <A1>-10964 629 27</A1>
<A2>-6229 6632 18787</A2>
<A3>1143 11648 28258</A3>
<A4>7151 -3082 10441</A4>
<A5>-4061 7867 13365</A5>
<A6>435 -435 14348</A6>
<A7>-1848 -7814 -13726</A7>
<A8>-1728 5497 7587</A8>
<B1>35688 36140 63356 36594 -3647 807 -1052 344</B1>
<B2>36578 33818 65518 36982 -3647 807 -1052 344</B2>
<B3>43026 39728 64582 35968 -2153 -336 251 -153</B3>
<B4>42800 37850 68034 38428 -2153 -336 251 -153</B4>
    <C1>250 250 250 250</C1>
    <C2>141 545 68</C2>
    <C3>100 150 1080 820</C3>
    <C4>0 150 1280 620</C4>
</opencv_storage>
